Aki  (1704,1214)  (1656,1261)  (1656,1213)  (1751,1262)  (1704,1166)  (1752,1166)  (1752,1214)  (1654,1165)  (1786,1310)  (1606,1185)  (1606,1137)  (1780,1358)  (1778,1406)
AwaH  (4615,2414)  (4567,2461)  (4567,2413)  (4662,2462)  (4615,2366)  (4663,2366)  (4663,2414)  (4565,2365)  (4614,2509)  (4566,2509)  (4519,2461)  (4519,2413)  (4710,2462)  (4518,2510)  (4613,2318)  (4661,2318)  (4709,2318)  (4711,2366)  (4711,2414)  (4531,2317)  (4758,2462)  (4579,2270)  (4627,2270)  (4759,2323)  (4759,2371)  (4806,2419)
Awaji  (2349,1939)  (2301,1986)  (2301,1938)  (2396,1987)  (2367,1891)  (2397,1939)  (2415,1873)  (2463,1847)
AwaS  (1999,2082)  (1951,2127)  (1951,2079)  (2046,2130)  (1999,2034)  (2047,2034)  (2047,2082)  (1998,2175)  (2094,2130)  (2094,2178)  (2046,2178)  (1953,1986)  (2095,2011)  (2095,2059)  (2143,2014)  (2143,2062)
Bingo  (1923,1250)  (1875,1297)  (1875,1249)  (1966,1298)  (1923,1202)  (1971,1202)  (1971,1250)  (1873,1201)  (1918,1345)  (1870,1345)  (1970,1346)  (1921,1154)  (1969,1154)  (2017,1154)  (1839,1153)  (1922,1393)  (1874,1393)  (1978,1394)  (1894,1106)  (1942,1106)  (1930,1441)  (1911,1058)
Bitchu  (2110,1365)  (2062,1412)  (2062,1364)  (2157,1413)  (2110,1317)  (2158,1317)  (2158,1365)  (2060,1316)  (2109,1460)  (2061,1460)  (2172,1461)  (2108,1269)  (2156,1269)  (2206,1372)  (2043,1268)  (2124,1508)  (2076,1508)  (2028,1508)  (2091,1221)  (2139,1221)  (2089,1173)
Bizen  (2323,1497)  (2275,1544)  (2275,1496)  (2370,1545)  (2323,1449)  (2371,1449)  (2371,1497)  (2273,1448)  (2227,1555)  (2227,1507)  (2418,1545)  (2418,1593)  (2419,1435)  (2419,1483)  (2259,1400)  (2179,1577)
Bungo  (1235,1558)  (1187,1605)  (1187,1557)  (1282,1606)  (1235,1510)  (1283,1510)  (1283,1558)  (1185,1509)  (1234,1653)  (1139,1644)  (1139,1596)  (1330,1606)  (1330,1654)  (1282,1654)  (1233,1462)  (1331,1506)  (1331,1554)  (1137,1548)  (1137,1500)  (1185,1461)  (1234,1701)  (1354,1702)  (1306,1702)  (1239,1414)  (1287,1401)  (1335,1381)  (1283,1353)  (1331,1333)
Buzen  (1034,1196)  (986,1224)  (986,1176)  (1081,1244)  (1034,1148)  (1082,1148)  (1082,1196)  (965,1128)  (1033,1272)  (1129,1264)  (1081,1292)  (1013,1100)  (1149,1312)  (917,1127)  (965,1080)  (1197,1300)  (1197,1348)  (1186,1396)
Central Mutsu  (5371,917)  (5323,964)  (5323,916)  (5418,965)  (5371,869)  (5419,869)  (5419,917)  (5321,868)  (5370,1012)  (5322,1012)  (5275,964)  (5275,916)  (5466,965)  (5466,1013)  (5418,1013)  (5274,1013)  (5369,821)  (5417,821)  (5465,821)  (5467,869)  (5467,917)  (5299,820)  (5513,775)  (5370,1060)  (5322,1060)  (5227,965)  (5514,965)  (5514,1013)  (5487,1061)  (5439,1061)  (5274,1061)  (5226,1061)  (5226,1013)  (5347,773)  (5395,773)  (5443,773)  (5515,823)  (5515,871)  (5297,772)  (5491,727)  (5539,727)  (5561,775)  (5391,1108)  (5343,1108)  (5295,1109)  (5247,1109)  (5178,1073)  (5178,1025)  (5345,725)  (5393,725)  (5441,725)  (5563,881)
Chikugo  (854,1552)  (806,1599)  (806,1551)  (901,1600)  (854,1504)  (902,1515)  (804,1503)  (853,1647)  (758,1606)  (852,1456)  (756,1482)  (804,1455)  (764,1407)  (812,1407)  (759,1359)
Chikuzen  (919,1322)  (871,1350)  (871,1302)  (966,1370)  (919,1274)  (967,1317)  (850,1254)  (918,1398)  (1014,1365)  (1014,1413)  (966,1418)  (802,1274)  (802,1226)  (850,1206)  (1057,1461)  (1062,1391)  (1009,1466)  (961,1466)  (774,1178)  (754,1250)  (1015,1514)  (726,1202)
East Echigo  (4792,872)  (4744,919)  (4744,871)  (4839,920)  (4792,824)  (4840,824)  (4840,872)  (4704,967)  (4696,919)  (4696,871)  (4846,776)  (4888,824)  (4888,872)  (4894,770)  (4656,1007)  (4648,959)  (4648,911)  (4936,818)  (4936,866)  (4918,722)  (4942,770)  (4984,818)
East Higo  (1014,1702)  (966,1749)  (966,1701)  (1061,1750)  (1014,1654)  (1062,1689)  (964,1653)  (1013,1797)  (965,1797)  (1109,1737)  (1109,1785)  (1061,1798)  (1012,1606)  (1144,1833)  (1157,1727)  (1157,1775)  (1205,1787)
East Kii  (2789,2440)  (2741,2487)  (2741,2439)  (2836,2488)  (2789,2392)  (2837,2392)  (2837,2440)  (2788,2535)  (2740,2535)  (2693,2487)  (2693,2439)  (2692,2536)  (2805,2344)  (2853,2344)  (2885,2392)  (2901,2328)  (2763,2583)  (2715,2584)  (2667,2584)  (2813,2296)  (2861,2280)  (2949,2311)  (2843,2232)  (2891,2232)
East Tosa  (1843,2040)  (1795,2081)  (1890,2088)  (1803,1992)  (1851,1992)  (1891,2040)  (1899,1984)  (1896,2136)  (1786,1944)  (1834,1944)  (1906,2184)  (1858,2216)
Echizen  (3391,1231)  (3343,1278)  (3343,1230)  (3438,1279)  (3391,1183)  (3439,1183)  (3439,1231)  (3341,1182)  (3389,1135)  (3437,1135)  (3487,1214)  (3487,1262)  (3310,1134)  (3358,1087)  (3406,1087)  (3313,1039)  (3361,1039)  (3409,1039)  (3397,991)
Etchu  (3958,1154)  (3910,1201)  (3910,1153)  (4005,1202)  (3958,1106)  (4006,1106)  (4006,1154)  (3908,1105)  (3957,1249)  (3862,1189)  (4053,1202)  (4053,1250)  (4005,1250)  (4054,1076)  (4054,1124)  (3860,1141)  (3860,1093)  (4069,1298)  (4021,1298)  (4102,1080)  (4102,1128)  (3812,1103)  (4150,1080)  (4150,1128)
Hida  (3806,1391)  (3758,1438)  (3758,1390)  (3853,1439)  (3806,1343)  (3854,1343)  (3854,1391)  (3756,1342)  (3805,1486)  (3710,1390)  (3901,1439)  (3876,1487)  (3804,1295)  (3852,1295)  (3902,1303)  (3902,1351)  (3708,1342)  (3756,1294)  (3828,1534)  (3780,1534)  (3949,1399)  (3824,1247)  (3950,1341)  (3660,1374)  (3828,1582)
Hitachi  (4863,1629)  (4815,1676)  (4815,1628)  (4910,1677)  (4863,1581)  (4911,1581)  (4911,1629)  (4813,1580)  (4862,1724)  (4814,1724)  (4958,1677)  (4958,1725)  (4910,1725)  (4861,1533)  (4909,1533)  (4957,1533)  (4959,1581)  (4959,1629)  (4939,1773)  (4891,1773)  (4841,1485)  (4889,1485)  (4937,1485)  (4933,1821)  (4915,1437)  (4963,1437)  (4925,1869)  (4967,1389)  (5015,1364)  (4988,1316)  (5003,1268)
Hizen  (533,1360)  (485,1407)  (485,1359)  (580,1408)  (533,1312)  (581,1312)  (581,1360)  (483,1311)  (532,1455)  (484,1455)  (437,1403)  (628,1408)  (612,1456)  (531,1264)  (579,1264)  (627,1264)  (629,1312)  (435,1355)  (461,1263)  (655,1504)  (607,1504)  (588,1216)  (677,1285)  (450,1215)  (498,1215)  (587,1168)
Hoki  (2191,1028)  (2143,1075)  (2143,1027)  (2238,1076)  (2191,980)  (2239,980)  (2239,1028)  (2190,1123)  (2142,1123)  (2095,1075)  (2286,1076)  (2165,932)  (2213,932)  (2261,932)  (2309,895)  (2169,884)  (2217,884)
Hyuga  (929,1995)  (881,2042)  (881,1994)  (976,2043)  (929,1947)  (977,1947)  (977,1995)  (879,1946)  (928,2090)  (880,2090)  (833,2040)  (951,1899)  (999,1899)  (1025,1947)  (831,1992)  (831,1944)  (1047,1890)  (964,2138)  (916,2138)  (868,2138)  (783,1982)  (783,1934)  (930,2186)  (882,2186)  (735,1922)  (888,2234)  (840,2234)  (854,2282)
Iga  (3256,1922)  (3208,1969)  (3208,1921)  (3303,1970)  (3256,1874)  (3304,1874)  (3304,1922)  (3255,2017)  (3207,2017)  (3213,1826)  (3261,1826)  (3309,1826)  (3159,2034)  (3357,1788)  (3280,2065)  (3232,2065)  (3213,1778)  (3261,1778)  (3309,1778)  (3184,2082)  (3136,2082)  (3357,1740)  (3303,1730)  (3212,2130)  (3164,2130)
Iki  (909,687)  (861,734)  (861,686)  (956,735)  (918,639)  (957,687)  (859,638)  (966,630)  (813,698)  (1005,678)
Inaba  (2456,989)  (2408,1036)  (2408,988)  (2503,1037)  (2456,941)  (2504,941)  (2504,989)  (2406,940)  (2455,1084)  (2360,1030)  (2542,1085)  (2454,893)  (2502,893)  (2358,982)  (2367,892)  (2494,1132)  (2563,1133)  (2415,845)  (2463,845)  (2511,845)
Iwami  (1743,980)  (1695,1027)  (1695,979)  (1790,1028)  (1743,932)  (1791,932)  (1791,980)  (1693,931)  (1742,1075)  (1647,1068)  (1647,1020)  (1838,1028)  (1826,1076)  (1741,884)  (1789,884)  (1837,884)  (1839,932)  (1839,980)  (1645,972)  (1666,883)  (1599,1048)
Iyo  (1589,1824)  (1541,1871)  (1541,1823)  (1636,1872)  (1589,1776)  (1637,1776)  (1637,1824)  (1539,1775)  (1493,1906)  (1493,1858)  (1684,1872)  (1587,1728)  (1635,1728)  (1683,1728)  (1685,1776)  (1685,1824)  (1491,1810)  (1731,1685)  (1445,1906)  (1445,1858)  (1733,1733)  (1397,1899)
Izu  (4068,2389)  (4020,2436)  (4020,2388)  (4115,2437)  (4068,2341)  (4116,2341)  (4116,2389)  (4067,2484)  (4019,2484)  (3972,2436)  (3971,2485)  (4097,2293)  (4145,2293)  (4164,2341)  (4193,2264)  (4000,2533)  (3952,2533)  (4178,2216)  (4241,2239)  (4199,2168)
Izumi  (2614,2232)  (2566,2279)  (2566,2231)  (2661,2280)  (2614,2184)  (2662,2184)  (2662,2232)  (2564,2183)  (2613,2327)  (2565,2327)  (2518,2279)  (2518,2231)  (2709,2280)  (2709,2328)  (2661,2328)  (2612,2136)  (2660,2136)  (2708,2136)  (2710,2184)  (2710,2232)  (2516,2183)  (2516,2135)  (2564,2135)  (2757,2280)  (2758,2156)  (2758,2204)  (2468,2217)  (2468,2169)
Izumo  (2016,892)  (1968,939)  (1968,891)  (2063,940)  (2016,844)  (2064,844)  (2064,892)  (1966,843)  (2015,987)  (1967,987)  (1920,920)  (2064,988)  (2014,796)  (2062,796)  (2110,796)  (2112,844)  (1918,872)  (2158,772)  (2016,1035)
Kaga  (3615,1170)  (3567,1210)  (3567,1162)  (3662,1218)  (3615,1122)  (3663,1122)  (3663,1170)  (3558,1114)  (3614,1258)  (3710,1218)  (3663,1266)  (3606,1074)  (3654,1074)  (3711,1113)  (3711,1161)  (3510,1089)  (3558,1066)  (3489,1041)  (3758,1209)  (3759,1150)  (3537,1018)  (3480,993)  (3528,970)  (3475,945)
Kai  (4220,1665)  (4172,1712)  (4172,1664)  (4267,1713)  (4220,1617)  (4268,1617)  (4268,1665)  (4170,1616)  (4124,1728)  (4124,1680)  (4315,1713)  (4312,1761)  (4264,1761)  (4218,1569)  (4266,1569)  (4314,1569)  (4316,1617)  (4316,1665)  (4122,1632)  (4076,1720)  (4363,1713)  (4364,1585)  (4364,1633)  (4074,1672)  (4074,1624)  (4411,1681)  (4411,1729)
Kawachi  (2815,1953)  (2767,2000)  (2767,1952)  (2862,2001)  (2815,1905)  (2863,1905)  (2863,1953)  (2814,2048)  (2766,2048)  (2719,1931)  (2910,2001)  (2910,2049)  (2862,2049)  (2806,1857)  (2854,1857)  (2902,1857)  (2911,1905)  (2911,1953)  (2814,2096)  (2908,2097)  (2849,1809)  (2897,1809)  (2945,1802)  (2891,1761)  (2939,1754)  (2903,1706)  (2951,1706)  (2921,1658)  (2969,1658)  (2918,1610)  (2966,1610)
Kazusa  (4853,2201)  (4805,2248)  (4805,2200)  (4900,2249)  (4853,2153)  (4901,2153)  (4901,2201)  (4803,2152)  (4852,2296)  (4757,2252)  (4757,2204)  (4948,2249)  (4851,2105)  (4899,2105)  (4947,2105)  (4949,2153)  (4949,2201)  (4755,2156)  (4709,2216)  (4996,2249)  (4997,2152)  (4997,2200)  (4707,2168)  (5044,2248)
Kozuke  (4432,1322)  (4384,1369)  (4384,1321)  (4479,1370)  (4432,1274)  (4480,1274)  (4480,1322)  (4382,1273)  (4336,1338)  (4527,1370)  (4527,1418)  (4479,1418)  (4446,1226)  (4494,1226)  (4528,1274)  (4528,1322)  (4334,1290)  (4334,1242)  (4542,1212)  (4575,1375)  (4575,1423)  (4527,1466)  (4576,1260)  (4286,1308)  (4286,1260)
Mimasaka  (2354,1255)  (2306,1302)  (2306,1254)  (2401,1303)  (2354,1207)  (2402,1207)  (2402,1255)  (2304,1206)  (2353,1350)  (2258,1316)  (2258,1268)  (2449,1303)  (2449,1351)  (2401,1351)  (2352,1159)  (2400,1159)  (2256,1220)  (2298,1158)  (2357,1111)
Nagato  (1365,961)  (1317,1008)  (1317,960)  (1413,918)  (1413,966)  (1315,912)  (1269,1022)  (1269,974)  (1461,912)  (1461,960)  (1267,926)  (1221,1040)  (1221,992)  (1509,902)  (1509,950)  (1509,998)  (1219,944)  (1219,896)  (1173,1021)  (1557,884)  (1557,932)  (1557,980)
North Dewa  (5091,526)  (5043,573)  (5043,525)  (5138,574)  (5091,478)  (5139,478)  (5139,526)  (5041,477)  (5090,621)  (5042,621)  (5186,574)  (5186,622)  (5138,622)  (5089,430)  (5137,430)  (5185,430)  (5187,478)  (5187,526)  (4993,487)  (4994,624)  (5063,669)  (5234,657)  (5186,670)  (5138,670)  (5093,382)  (5141,382)  (5189,382)  (4945,486)  (5015,672)  (5101,334)  (5149,334)  (5197,334)  (5043,720)  (5134,286)  (5182,286)
North Harima  (2623,1342)  (2575,1389)  (2575,1341)  (2670,1390)  (2623,1294)  (2671,1294)  (2671,1342)  (2573,1293)  (2622,1437)  (2685,1438)  (2621,1246)  (2525,1306)  (2525,1258)  (2573,1245)
North Ise  (3455,1917)  (3407,1964)  (3407,1916)  (3502,1965)  (3455,1869)  (3503,1869)  (3503,1917)  (3405,1868)  (3454,2012)  (3406,2012)  (3358,2013)  (3453,1821)  (3501,1821)  (3551,1832)  (3412,2060)  (3364,2061)
North Mikawa  (3765,1986)  (3717,2033)  (3812,2034)  (3731,1938)  (3779,1938)  (3813,1986)  (3827,1924)  (3764,2081)  (3716,2081)  (3812,2082)  (3766,1890)  (3814,1876)  (3764,2129)
North Mino  (3578,1472)  (3530,1519)  (3530,1471)  (3625,1520)  (3578,1424)  (3626,1429)  (3528,1423)  (3577,1567)  (3529,1567)  (3673,1477)  (3673,1525)  (3625,1568)  (3480,1400)  (3528,1375)  (3502,1327)  (3550,1327)
North Musashi  (4541,1698)  (4493,1745)  (4588,1746)  (4496,1650)  (4544,1650)  (4589,1698)  (4592,1647)  (4540,1793)  (4492,1793)  (4636,1749)  (4588,1794)  (4461,1602)  (4509,1602)  (4639,1797)  (4557,1599)  (4605,1599)  (4428,1554)  (4476,1554)  (4619,1845)  (4524,1551)  (4572,1551)
North Mutsu  (5380,545)  (5332,592)  (5332,544)  (5427,593)  (5380,497)  (5428,497)  (5428,545)  (5330,496)  (5284,609)  (5284,561)  (5475,593)  (5378,449)  (5426,449)  (5474,449)  (5476,497)  (5476,545)  (5282,513)  (5282,465)  (5330,448)  (5274,417)  (5522,403)  (5378,401)  (5426,401)  (5474,401)  (5524,516)  (5524,564)  (5322,400)  (5258,369)  (5522,355)  (5370,353)  (5418,353)  (5306,352)  (5256,321)  (5304,304)  (5352,304)  (5573,283)  (5255,273)  (5303,256)  (5351,256)  (5577,235)  (5625,223)  (5522,216)  (5300,208)  (5348,208)  (5473,204)  (5570,187)  (5521,168)
North Shinano  (4171,1400)  (4123,1447)  (4123,1399)  (4218,1448)  (4171,1352)  (4219,1352)  (4219,1400)  (4121,1351)  (4141,1495)  (4093,1495)  (4075,1447)  (4075,1399)  (4266,1448)  (4266,1496)  (4169,1304)  (4217,1304)  (4267,1369)  (4045,1512)  (4027,1464)  (4314,1425)  (4314,1473)  (4362,1451)  (4362,1499)
Noto  (3735,795)  (3687,841)  (3687,793)  (3782,843)  (3735,747)  (3783,747)  (3783,795)  (3655,889)  (3639,841)  (3831,740)  (3831,788)  (3607,922)  (3657,937)  (3879,750)  (3879,798)  (3707,954)  (3659,985)  (3927,754)  (3927,802)  (3709,1002)  (3975,767)
Oki  (2573,377)  (2525,404)  (2525,356)  (2601,425)  (2582,329)  (2621,377)  (2630,320)  (2497,452)  (2477,404)  (2669,368)
Omi  (3361,1506)  (3313,1524)  (3313,1476)  (3408,1554)  (3361,1458)  (3409,1458)  (3409,1506)  (3360,1572)  (3282,1428)  (3265,1502)  (3456,1602)  (3408,1602)  (3330,1410)  (3378,1410)  (3457,1461)  (3234,1454)  (3234,1406)  (3282,1380)  (3484,1650)  (3436,1650)  (3186,1440)  (3498,1698)  (3450,1698)  (3138,1436)
Osumi  (713,2160)  (665,2207)  (665,2159)  (760,2208)  (713,2112)  (761,2112)  (761,2160)  (712,2255)  (664,2255)  (617,2177)  (670,2064)  (718,2064)  (616,2278)  (711,2303)  (647,2016)  (695,2016)  (652,2326)  (604,2326)  (556,2350)
Owari  (3542,2063)  (3494,2093)  (3562,2015)  (3590,2063)  (3590,2111)  (3542,2111)  (3610,1978)  (3494,2141)  (3446,2141)  (3638,2026)  (3567,2159)  (3658,1947)  (3519,2189)  (3471,2189)  (3423,2189)  (3521,2237)  (3473,2237)  (3425,2237)  (3451,2285)  (3403,2285)
Sado  (4339,607)  (4291,628)  (4291,580)  (4386,655)  (4339,559)  (4387,559)  (4387,607)  (4338,676)  (4243,622)  (4434,655)  (4395,703)  (4431,511)  (4290,720)  (4347,724)
Sagami  (4285,2034)  (4237,2081)  (4237,2033)  (4332,2082)  (4285,1986)  (4333,1986)  (4333,2034)  (4284,2129)  (4370,2130)  (4259,1938)  (4307,1938)  (4355,1938)  (4381,1986)  (4403,1916)  (4418,2174)  (4322,2177)  (4274,2177)  (4370,2178)  (4303,1890)  (4351,1890)  (4399,1868)  (4409,2226)  (4361,2226)  (4311,1842)  (4359,1820)  (4407,1820)  (4409,2274)  (4361,2274)  (4397,2322)
Sanuki  (1981,1872)  (1933,1919)  (1933,1871)  (2028,1920)  (1981,1824)  (2029,1824)  (2029,1872)  (1931,1823)  (1885,1886)  (2076,1920)  (2077,1798)  (2077,1846)  (1883,1838)  (1839,1790)  (2124,1894)  (2124,1942)  (2125,1836)  (1835,1868)  (1791,1820)  (2172,1929)
Satsuma  (541,1941)  (493,1988)  (493,1940)  (588,1989)  (541,1893)  (589,1893)  (589,1941)  (491,1892)  (540,2036)  (492,2036)  (592,2037)  (539,1845)  (637,1877)  (637,1925)  (491,1805)  (532,2084)  (484,2084)  (492,2132)  (444,2133)  (396,2147)  (494,2180)  (446,2181)  (496,2228)
Settsu  (2722,1712)  (2674,1759)  (2674,1711)  (2769,1760)  (2722,1664)  (2770,1664)  (2770,1712)  (2672,1663)  (2721,1807)  (2673,1807)  (2626,1759)  (2625,1808)  (2720,1616)  (2768,1616)  (2816,1616)  (2818,1664)  (2818,1712)  (2736,1855)  (2577,1815)
Shima  (3182,2523)  (3134,2570)  (3134,2522)  (3229,2571)  (3182,2475)  (3230,2475)  (3230,2523)  (3132,2474)  (3086,2569)  (3277,2571)  (3277,2619)  (3229,2619)  (3180,2427)  (3228,2427)  (3278,2515)  (3084,2521)  (3084,2473)  (3132,2426)  (3325,2568)  (3241,2379)  (3036,2565)  (3036,2517)  (3036,2469)  (2988,2547)  (2988,2499)  (2940,2512)
Shimosa  (4750,1947)  (4702,1994)  (4702,1946)  (4797,1995)  (4750,1899)  (4798,1899)  (4798,1947)  (4700,1898)  (4749,2042)  (4845,1995)  (4833,2043)  (4748,1851)  (4796,1851)  (4844,1851)  (4846,1899)  (4846,1947)  (4695,1850)  (4893,1995)  (4743,1803)  (4791,1803)  (4711,1755)  (4690,1707)  (4659,1659)
Shimotsuke  (4718,1357)  (4670,1404)  (4670,1356)  (4765,1405)  (4718,1309)  (4766,1309)  (4766,1357)  (4668,1308)  (4717,1452)  (4669,1452)  (4813,1405)  (4784,1453)  (4716,1261)  (4764,1261)  (4812,1261)  (4814,1309)  (4814,1357)  (4860,1215)  (4736,1500)  (4688,1500)  (4862,1263)  (4862,1311)  (4862,1359)  (4736,1548)  (4688,1548)  (4910,1255)  (4910,1303)  (4714,1596)
South Dewa  (5074,917)  (5026,964)  (5026,916)  (5105,965)  (5074,869)  (5122,869)  (5122,917)  (5057,1012)  (5009,1012)  (4978,964)  (5089,821)  (5137,821)  (5170,869)  (5185,806)  (4961,1029)  (4930,981)  (5091,773)  (5139,758)  (5187,758)  (5233,806)  (5235,758)  (4882,1026)  (4834,1026)  (4786,1024)
South Harima  (2548,1612)  (2500,1659)  (2500,1611)  (2595,1660)  (2548,1564)  (2596,1564)  (2596,1612)  (2547,1707)  (2515,1516)  (2563,1516)
South Ise  (3174,2280)  (3126,2327)  (3126,2279)  (3214,2328)  (3174,2232)  (3222,2232)  (3222,2280)  (3078,2356)  (3078,2308)  (3254,2184)  (3270,2232)  (3302,2152)  (3030,2386)  (3318,2200)  (3350,2139)  (2982,2414)
South Mikawa  (3682,2255)  (3634,2302)  (3634,2254)  (3729,2303)  (3682,2207)  (3730,2207)  (3730,2255)  (3632,2206)  (3681,2350)  (3633,2350)  (3586,2261)  (3775,2351)
South Mino  (3660,1735)  (3612,1782)  (3612,1734)  (3707,1783)  (3660,1687)  (3708,1687)  (3708,1735)  (3610,1686)  (3659,1830)  (3611,1830)  (3564,1754)  (3712,1831)  (3658,1639)  (3706,1639)  (3756,1706)  (3756,1754)  (3562,1706)  (3562,1658)  (3664,1878)  (3616,1878)
South Musashi  (4533,2006)  (4485,2053)  (4485,2005)  (4580,2054)  (4533,1958)  (4581,1958)  (4581,2006)  (4483,1957)  (4492,2101)  (4437,2090)  (4628,2054)  (4531,1910)  (4579,1910)  (4629,1932)  (4629,1980)  (4472,1909)  (4637,2102)
South Mutsu  (4958,1147)  (4910,1162)  (4910,1114)  (5005,1195)  (4958,1099)  (5006,1119)  (4862,1148)  (4862,1100)  (5053,1167)  (5053,1215)  (5054,1116)  (5082,1263)  (4814,1155)  (4814,1107)  (5101,1164)  (5101,1212)  (5130,1260)  (4766,1168)  (4766,1120)  (5149,1129)  (5149,1177)  (5178,1225)  (5178,1273)  (4736,1072)  (4718,1204)  (4718,1156)  (4688,1108)  (4670,1206)  (4670,1158)
South Shinano  (3892,1695)  (3844,1742)  (3844,1694)  (3939,1743)  (3892,1647)  (3940,1647)  (3940,1695)  (3891,1790)  (3843,1790)  (3987,1743)  (3987,1791)  (3939,1791)  (3901,1599)  (3949,1599)  (3997,1590)  (3911,1551)  (3959,1542)
Suo  (1470,1138)  (1422,1157)  (1422,1109)  (1517,1186)  (1470,1090)  (1518,1090)  (1518,1138)  (1392,1061)  (1374,1136)  (1557,1234)  (1509,1234)  (1344,1088)  (1579,1282)  (1531,1282)  (1296,1097)
Suruga  (4109,1882)  (4061,1878)  (4156,1930)  (4108,1930)  (4109,1834)  (4157,1834)  (4157,1882)  (4056,1830)  (4173,1978)  (4125,1978)  (4205,1817)  (4205,1865)  (4067,1782)  (4077,2013)  (4156,2026)  (4108,2061)  (4060,2061)  (4146,2109)  (4098,2109)  (4134,2157)  (4086,2157)  (4092,2205)
Tajima  (2686,1083)  (2638,1130)  (2638,1082)  (2733,1131)  (2686,1035)  (2734,1035)  (2734,1083)  (2636,1034)  (2685,1178)  (2768,1179)  (2684,987)  (2588,1032)  (2636,986)  (2732,941)  (2772,1227)  (2684,939)  (2595,938)  (2599,890)
Tamba  (2863,1443)  (2815,1490)  (2815,1442)  (2910,1491)  (2863,1395)  (2911,1395)  (2911,1443)  (2813,1394)  (2827,1538)  (2779,1538)  (2767,1490)  (2767,1442)  (2958,1491)  (2959,1369)  (2959,1417)  (2765,1394)  (2765,1346)  (2813,1346)  (2964,1539)  (3006,1465)  (3007,1401)  (3012,1513)
Tango  (2885,1155)  (2837,1202)  (2837,1154)  (2932,1203)  (2885,1107)  (2933,1107)  (2933,1155)  (2835,1106)  (2884,1250)  (2836,1250)  (2970,1251)  (2883,1059)  (2981,1144)  (2798,1058)  (2922,1298)  (2874,1298)  (2980,1299)  (2846,1011)  (2796,1010)  (2894,1008)  (2844,963)  (2794,962)
Totomi  (3918,1989)  (3965,2037)  (3917,2037)  (3899,1941)  (3947,1941)  (3966,1989)  (3869,2047)  (3995,1912)  (3974,2085)  (3926,2085)  (3902,1893)  (4014,1960)  (3878,2095)  (3998,2133)  (3950,2133)  (3902,2143)  (3854,2148)  (3993,2181)  (3945,2191)  (3897,2196)  (3849,2196)  (3877,2244)  (3829,2244)
Tsushima  (1295,263)  (1247,310)  (1247,262)  (1343,236)  (1343,284)  (1381,188)  (1213,358)  (1199,310)  (1391,236)  (1439,212)
Wakasa  (3135,1236)  (3087,1283)  (3087,1235)  (3182,1284)  (3135,1188)  (3183,1188)  (3183,1236)  (3085,1187)  (3134,1331)  (3086,1331)  (3039,1283)  (3230,1284)  (3191,1332)  (3190,1140)  (3231,1188)  (3231,1236)  (3037,1210)  (3037,1162)  (3238,1133)  (3206,1085)  (3254,1085)  (3221,1037)
West Echigo  (4386,1095)  (4338,1142)  (4338,1094)  (4433,1143)  (4386,1047)  (4434,1047)  (4434,1095)  (4336,1046)  (4290,1186)  (4290,1138)  (4481,1143)  (4389,999)  (4437,999)  (4482,1047)  (4482,1095)  (4288,1090)  (4485,996)  (4242,1196)  (4242,1148)  (4529,1143)  (4435,951)  (4530,1044)  (4530,1092)  (4483,948)  (4531,948)  (4533,996)  (4194,1211)  (4578,1044)  (4578,1092)
West Higo  (759,1778)  (711,1825)  (711,1777)  (806,1826)  (759,1730)  (807,1730)  (807,1778)  (709,1729)  (663,1820)  (854,1826)  (757,1682)  (855,1713)  (855,1761)  (661,1772)  (613,1806)
West Kii  (2482,2510)  (2434,2557)  (2434,2509)  (2529,2558)  (2482,2462)  (2530,2462)  (2530,2510)  (2432,2461)  (2481,2605)  (2433,2605)  (2386,2557)  (2577,2558)  (2577,2606)  (2529,2606)  (2480,2414)  (2528,2414)  (2578,2417)  (2578,2465)  (2388,2413)  (2615,2654)  (2567,2654)  (2519,2654)  (2436,2366)  (2358,2365)  (2406,2318)  (2323,2317)  (2371,2270)  (2318,2269)  (2378,2222)
West Tosa  (1533,2036)  (1485,2083)  (1485,2035)  (1580,2084)  (1533,1988)  (1581,1988)  (1581,2036)  (1483,1987)  (1437,2129)  (1437,2081)  (1629,1971)  (1629,2019)  (1435,2033)  (1435,1985)  (1389,2117)  (1677,1975)  (1677,2023)  (1725,1985)  (1725,2033)
Yamashiro  (3140,1639)  (3092,1686)  (3092,1638)  (3187,1687)  (3140,1591)  (3188,1591)  (3188,1639)  (3090,1590)  (3139,1734)  (3091,1734)  (3044,1686)  (3044,1638)  (3235,1687)  (3043,1735)  (3138,1543)  (3186,1543)  (3236,1561)  (3236,1609)  (3072,1542)  (3283,1657)  (3120,1495)  (3284,1590)
Yamato  (3028,2004)  (2980,2051)  (2980,2003)  (3075,2052)  (3028,1956)  (3076,1956)  (3076,2004)  (3027,2099)  (2979,2099)  (3078,2100)  (2984,1908)  (3032,1908)  (3080,1908)  (3124,1956)  (3128,1904)  (3030,2147)  (2982,2147)  (3084,2148)  (2988,1860)  (3036,1860)  (3084,1856)  (3132,1856)  (3036,2195)  (2988,2195)  (3064,1808)  (3112,1808)  (3038,2243)  (2990,2243)
E1  (5652,2726)
E10  (6088,2834)
E11  (5649,2922)
E12  (5758,2924)
E13  (5863,2928)
E14  (5980,2930)
E15  (6082,2929)
E16  (5653,3018)
E17  (5761,3027)
E18  (5876,3017)
E19  (5978,3033)
E2  (5760,2729)
E20  (6083,3026)
E3  (5871,2731)
E4  (5980,2730)
E5  (6078,2735)
E6  (5651,2828)
E7  (5756,2833)
E8  (5870,2830)
E9  (5974,2829)
